depth_optical_frame:
   position:
      x: -1.3079663268482419e-02
      y: 1.1305013132214084e-01
      z: -1.3226137957054712e-02
   orientation:
      x: 4.2806188037421023e-03
      y: 7.1881989552692216e-01
      z: 6.9511899966083657e-01
      w: 9.4451261420789578e-03
color_optical_frame:
   position:
      x: 1.2928054839356971e-02
      y: 1.1342813488283038e-01
      z: -1.2548978351593132e-02
   orientation:
      x: 4.2806188037421014e-03
      y: 7.1881989552692216e-01
      z: 6.9511899966083690e-01
      w: 9.4451261420789943e-03
