depth_optical_frame:
   position:
      x: -8.8927993031216838e-03
      y: 8.9071536520051273e-02
      z: 1.2726852604377678e-02
   orientation:
      x: 1.3102138292621211e-02
      y: 7.1885174455519929e-01
      z: 6.9492862242775177e-01
      w: 1.2438370181609374e-02
color_optical_frame:
   position:
      x: 1.7122164173450943e-02
      y: 8.9011414375796682e-02
      z: 1.3196845838756591e-02
   orientation:
      x: 1.3102138292621211e-02
      y: 7.1885174455519918e-01
      z: 6.9492862242775166e-01
      w: 1.2438370181609343e-02
